192.0	320.0
320.0	448.0
448.0	576.0
576.0	704.0
704.0	832.0
832.0	960.0
960.0	1,088.0
1,088.0	1,216.0
1,216.0	1,344.0
1,344.0	1,472.0
1,472.0	1,600.0
1,600.0	1,728.0
1,728.0	1,856.0
1,856.0	1,984.0
1,984.0	2,112.0
2,112.0	2,240.0
2,240.0	2,368.0
2,368.0	2,496.0
2,496.0	2,752.0
2,752.0	3,008.0
3,008.0	3,264.0
3,264.0	3,520.0
3,520.0	3,776.0	
3,776.0	4,032.0
4,032.0	4,288.0
4,288.0	4,544.0
4,544.0	4,800.0
4,800.0	5,056.0
5,056.0	5,568.0
5,568.0	6,080.0	
6,080.0	6,592.0
6,592.0	7,104.0	
7,104.0	7,616.0
7,616.0	8,128.0
8,128.0	8,640.0	
8,640.0	9,152.0
9,152.0	9,664.0
9,664.0	10,688.0		
10,688.0	11,712.0	
11,712.0	12,736.0
12,736.0	13,760.0
13,760.0	14,784.0
14,784.0	15,808.0	
15,808.0	16,832.0	
16,832.0	17,856.0	
17,856.0	18,880.0	
18,880.0	19,904.0
19,904.0	21,952.0
21,952.0	24,000.0	
24,000.0	26,048.0	
26,048.0	28,096.0	
28,096.0	30,144.0
30,144.0	32,192.0	
32,192.0	34,240.0	
34,240.0	36,288.0	
36,288.0	38,336.0	
38,336.0    42,432.0